p26 0.5 0.49921875 0.046875 0.0515625
pl120 0.5007812500000001 0.5578125 0.0453125 0.05
il100 0.553125 0.5625 0.04375 0.046875
p3 0.553125 0.50625 0.04375 0.05
pl100 0.63671875 0.56953125 0.0421875 0.0453125
p26 0.640625 0.5148437499999999 0.04375 0.0484375
il80 0.6859375 0.5734375 0.04375 0.046875
pl100 0.7593749999999999 0.5789062500000001 0.040625 0.0453125
il80 0.803125 0.5859375 0.034375 0.04375
pl80 0.878125 0.59140625 0.034375 0.0453125
il60 0.915625 0.5960937500000001 0.034375 0.0453125
