p26 0.49921875 0.49921875 0.0328125 0.0328125
pl120 0.50078125 0.5382812499999999 0.0359375 0.0359375
p3 0.5421875 0.49765625 0.034375 0.0328125
il100 0.5437500000000001 0.5382812499999999 0.034375 0.0359375
p26 0.6078125 0.49843750000000003 0.034375 0.034375
pl110 0.609375 0.5390625 0.034375 0.034375
il90 0.6515625 0.5390625 0.0375 0.0375
pl90 0.71328125 0.5375 0.0359375 0.034375
il60 0.7554687499999999 0.5367187499999999 0.0328125 0.0328125
pl90 0.81328125 0.53671875 0.0328125 0.0359375
il60 0.85390625 0.5367187499999999 0.0328125 0.0328125
pne 0.93125 0.540625 0.03125 0.034375
