p26 0.5 0.49921875 0.040625 0.0390625
pl120 0.5015625 0.5515625 0.040625 0.040625
il100 0.55078125 0.5476562500000001 0.0421875 0.0421875
p3 0.55078125 0.49609375 0.0421875 0.0390625
p26 0.64609375 0.5 0.0421875 0.040625
pl100 0.6484375 0.54453125 0.04375 0.0390625
il80 0.69765625 0.54140625 0.0421875 0.0421875
pl80 0.79140625 0.5398437500000001 0.0421875 0.0421875
il60 0.84140625 0.5398437500000001 0.0421875 0.0421875
pl80 0.9249999999999999 0.5390625 0.04375 0.040625
il60 0.97578125 0.53671875 0.0421875 0.0421875
