il100 0.08309455 0.5 0.0916905375 0.071875
p3 0.0859598828125 0.41875 0.097421203125 0.071875
pl100 0.2578796484375 0.51875 0.091690515625 0.06875
p26 0.265042984375 0.4421875 0.0830945625 0.065625
il80 0.3538681953125 0.5296875 0.077363890625 0.059375
pl100 0.49856734375 0.546875 0.0744985625 0.0625
il80 0.5773638671875 0.553125 0.060171890624999946 0.0625
pl80 0.70773640625 0.56953125 0.05730656249999999 0.0546875
il60 0.78080225 0.5765625 0.060171874999999986 0.059375
pne 0.92263609375 0.596875 0.05730656249999999 0.053125
